Surfactant Film	
Wavelength(nm),Absorption
250,0.025274
251,0.028585
252,0.031895
253,0.030273
254,0.030471
255,0.029433
256,0.028897
257,0.027949
258,0.026404
259,0.026441
260,0.027329
261,0.026272
262,0.025668
263,0.023817
264,0.023898
265,0.023625
266,0.023669
267,0.024414
268,0.024846
269,0.024998
270,0.025259
271,0.024609
272,0.024536
273,0.025215
274,0.024791
275,0.024376
276,0.024686
277,0.025263
278,0.025278
279,0.024759
280,0.024085
281,0.023577
282,0.023615
283,0.02398
284,0.024041
285,0.023207
286,0.023001
287,0.022981
288,0.023204
289,0.023179
290,0.022826
291,0.022363
292,0.021919
293,0.021506
294,0.020936
295,0.020898
296,0.020819
297,0.020396
298,0.019821
299,0.019578
300,0.01922
301,0.018626
302,0.018179
303,0.01794
304,0.017563
305,0.017514
306,0.017338
307,0.017251
308,0.01698
309,0.016582
310,0.01646
311,0.016485
312,0.01639
313,0.016182
314,0.016055
315,0.016009
316,0.015835
317,0.015681
318,0.015356
319,0.015808
320,0.01561
321,0.01533
322,0.015435
323,0.015573
324,0.015451
325,0.015249
326,0.015119
327,0.015068
328,0.014919
329,0.014936
330,0.014524
331,0.014594
332,0.014521
333,0.014263
334,0.014092
335,0.013903
336,0.013673
337,0.01375
338,0.01339
339,0.013405
340,0.013695
341,0.01344
342,0.01338
343,0.013411
344,0.013212
345,0.012976
346,0.013097
347,0.013311
348,0.013311
349,0.013311
350,0.013311
351,0.013421
352,0.013652
353,0.013351
354,0.0134
355,0.013371
356,0.013112
357,0.012992
358,0.013034
359,0.012878
360,0.012883
361,0.012649
362,0.01262
363,0.012649
364,0.012532
365,0.012384
366,0.012302
367,0.012236
368,0.012193
369,0.012227
370,0.012304
371,0.012458
372,0.012398
373,0.012427
374,0.012525
375,0.012502
376,0.01253
377,0.012516
378,0.012506
379,0.012539
380,0.01242
381,0.012052
382,0.011928
383,0.012034
384,0.011935
385,0.011743
386,0.011563
387,0.01147
388,0.011295
389,0.011086
390,0.010997
391,0.011029
392,0.011026
393,0.010831
394,0.010838
395,0.010583
396,0.010358
397,0.010391
398,0.010303
399,0.010226
400,0.010262
401,0.010304
402,0.010257
403,0.010168
404,0.010083
405,0.010049
406,0.010177
407,0.010208
408,0.010231
409,0.010305
410,0.010345
411,0.010226
412,0.010182
413,0.010332
414,0.010232
415,0.010099
416,0.010185
417,0.010159
418,0.010118
419,0.0099963
420,0.0099223
421,0.0098648
422,0.0097835
423,0.0097545
424,0.0097386
425,0.0095361
426,0.0094243
427,0.0094155
428,0.0093694
429,0.0093254
430,0.0093466
431,0.0092934
432,0.0092307
433,0.009208
434,0.0091755
435,0.0091217
436,0.0091142
437,0.0090662
438,0.0089814
439,0.0087853
440,0.0088031
441,0.0088948
442,0.0089217
443,0.0088607
444,0.0087346
445,0.0086403
446,0.0086053
447,0.0085459
448,0.0086755
449,0.008755
450,0.0089382
451,0.0086614
452,0.0085155
453,0.0086133
454,0.0085599
455,0.0083935
456,0.0084104
457,0.0085807
458,0.0085494
459,0.0082669
460,0.0083641
461,0.0084333
462,0.0084244
463,0.0083792
464,0.0083037
465,0.0082642
466,0.0082161
467,0.0081598
468,0.008131
469,0.0080711
470,0.0080698
471,0.0081376
472,0.0081414
473,0.008044
474,0.0081393
475,0.0080105
476,0.0079519
477,0.0079634
478,0.007924
479,0.0078687
480,0.007792
481,0.0078385
482,0.007931
483,0.0079383
484,0.0079248
485,0.0077893
486,0.0078229
487,0.0077932
488,0.007783
489,0.0078559
490,0.0078625
491,0.0078214
492,0.0077234
493,0.0076938
494,0.0076693
495,0.0076719
496,0.0076319
497,0.0077008
498,0.0077633
499,0.007776
500,0.0077447
501,0.007696
502,0.0077465
503,0.0078877
504,0.0079001
505,0.0078573
506,0.0078246
507,0.00782
508,0.0078193
509,0.0078253
510,0.0078117
511,0.0077849
512,0.0078093
513,0.0078819
514,0.007833
515,0.007779
516,0.0078153
517,0.0077246
518,0.0077085
519,0.0077032
520,0.0076433
521,0.0075707
522,0.0075789
523,0.0076327
524,0.0075932
525,0.0075844
526,0.0074828
527,0.0074531
528,0.0075822
529,0.0075001
530,0.0075001
531,0.0074933
532,0.0074891
533,0.007514
534,0.0075142
535,0.0074996
536,0.0074216
537,0.0074576
538,0.0074504
539,0.0074808
540,0.007498
541,0.0074834
542,0.0074934
543,0.0075393
544,0.0075185
545,0.0074031
546,0.0073774
547,0.0075004
548,0.0076625
549,0.0076124
550,0.0076567
551,0.0076542
552,0.0076611
553,0.0076579
554,0.0076157
555,0.0076598
556,0.0077408
557,0.0075579
558,0.0075603
559,0.0077294
560,0.0078743
561,0.007726
562,0.0077691
563,0.0078731
564,0.0079067
565,0.0079171
566,0.0078235
567,0.0076994
568,0.0078743
569,0.0077465
570,0.0077917
571,0.0079626
572,0.0078867
573,0.0078329
574,0.0079325
575,0.0079653
576,0.0079885
577,0.0080099
578,0.0079255
579,0.0078957
580,0.00799
581,0.0080602
582,0.0081009
583,0.0081463
584,0.0081414
585,0.0081197
586,0.0082119
587,0.0082661
588,0.0082124
589,0.0082282
590,0.0083563
591,0.008363
592,0.0081873
593,0.0083308
594,0.0083228
595,0.008295
596,0.0083153
597,0.0083761
598,0.0084389
599,0.0084667
600,0.0084656
601,0.0084747
602,0.0084583
603,0.0084553
604,0.0084399
605,0.0084701
606,0.0083678
607,0.0083361
608,0.0083918
609,0.0083942
610,0.0083629
611,0.0083773
612,0.0083327
613,0.0082952
614,0.0082437
615,0.0082013
616,0.0082243
617,0.0081977
618,0.0082435
619,0.0082851
620,0.008272
621,0.0082401
622,0.0082322
623,0.0082548
624,0.0082789
625,0.0081953
626,0.0083143
627,0.0082875
628,0.0082843
629,0.008305
630,0.0084141
631,0.0084471
632,0.0084321
633,0.0085273
634,0.0085805
635,0.0085955
636,0.0085766
637,0.0086396
638,0.0086963
639,0.0086716
640,0.0088452
641,0.0090142
642,0.0090477
643,0.0090526
644,0.009145
645,0.0092491
646,0.0091738
647,0.0092034
648,0.0094276
649,0.0093705
650,0.0092541
651,0.0093123
652,0.0094327
653,0.0094966
654,0.0095309
655,0.0095743
656,0.0095794
657,0.0095568
658,0.0093463
659,0.0094718
660,0.0095365
661,0.0094343
662,0.0093609
663,0.0093712
664,0.0093989
665,0.0093774
666,0.0093328
667,0.0093358
668,0.0092974
669,0.0090872
670,0.0090314
671,0.0090769
672,0.0090457
673,0.0088999
674,0.0088433
675,0.008937
676,0.0089475
677,0.0088148
678,0.0088139
679,0.0086506
680,0.0088335
681,0.0087141
682,0.008744
683,0.0087744
684,0.0086547
685,0.0085248
686,0.0085454
687,0.0086697
688,0.0087182
689,0.0086317
690,0.0085487
691,0.0084896
692,0.0084407
693,0.0084944
694,0.0085634
695,0.0084719
696,0.0084295
697,0.0084718
698,0.0084807
699,0.0084566
700,0.0084819
701,0.0084484
702,0.0082824
703,0.0084573
704,0.0083853
705,0.0083577
706,0.0083561
707,0.0084124
708,0.0084742
709,0.0084841
710,0.00849
711,0.0085355
712,0.0084925
713,0.0085697
714,0.0085895
715,0.0085367
716,0.0085813
717,0.0086856
718,0.0087911
719,0.0087975
720,0.0088174
721,0.0089213
722,0.0088648
723,0.0088414
724,0.0088814
725,0.0088925
726,0.0090532
727,0.00916
728,0.0092433
729,0.0092794
730,0.0092042
731,0.009108
732,0.0091553
733,0.00929
734,0.0092608
735,0.0090427
736,0.0092013
737,0.0091239
738,0.0091998
739,0.0090924
740,0.0089859
741,0.0089796
742,0.009014
743,0.0089635
744,0.0087583
745,0.0087924
746,0.0086364
747,0.0086595
748,0.0086907
749,0.008636
750,0.0085745
751,0.0085145
752,0.0084576
753,0.0084143
754,0.008372
755,0.0082992
756,0.0082133
757,0.0082778
758,0.0084064
759,0.0081627
760,0.0079605
761,0.0080985
762,0.0081336
763,0.0080092
764,0.00786
765,0.0077976
766,0.007993
767,0.008032
768,0.007774
769,0.0076983
770,0.0077861
771,0.007709
772,0.0075963
773,0.0075355
774,0.0075144
775,0.0074497
776,0.0074661
777,0.0077553
778,0.0076551
779,0.0075349
780,0.007669
781,0.0077588
782,0.0077222
783,0.0075735
784,0.0074358
785,0.0074045
786,0.0075199
787,0.0076696
788,0.0076042
789,0.0073835
790,0.0074187
791,0.0072717
792,0.0072188
793,0.0073075
794,0.0074512
795,0.0075039
796,0.0073322
797,0.0073327
798,0.0073327
799,0.0073327
800,0.0073327
801,0.0072811
802,0.0073319
803,0.0073144
804,0.0073046
805,0.0073391
806,0.0073391
807,0.0072691
808,0.0072347
809,0.0072852
810,0.007296
811,0.0073328
812,0.007255
813,0.0072689
814,0.0072622
815,0.0072763
816,0.007284
817,0.0072711
818,0.0072338
819,0.0072189
820,0.0072108
821,0.0071988
822,0.0072106
823,0.0072446
824,0.0072347
825,0.0071994
826,0.0071713
827,0.0071232
828,0.0070875
829,0.0070924
830,0.0070983
831,0.0070512
832,0.0069789
833,0.0069538
834,0.0069793
835,0.006945
836,0.0068868
837,0.0068621
838,0.0068572
839,0.0068424
840,0.0068016
841,0.0067991
842,0.0067725
843,0.0067484
844,0.0067227
845,0.0067201
846,0.0066999
847,0.0066752
848,0.006658
849,0.0066422
850,0.0066281
851,0.006614
852,0.0065646
853,0.0065421
854,0.0065807
855,0.0065692
856,0.0065089
857,0.0065171
858,0.0065715
859,0.0064788
860,0.006425
861,0.0064542
862,0.0064237
863,0.0063765
864,0.0064295
865,0.0064321
866,0.0063604
867,0.0062564
868,0.0063745
869,0.0063237
870,0.006289
871,0.0063086
872,0.0062887
873,0.0062456
874,0.0061895
875,0.0061509
876,0.0062368
877,0.0062466
878,0.0062253
879,0.0061584
880,0.0062006
881,0.0062081
882,0.006168
883,0.0061001
884,0.0060468
885,0.0060111
886,0.005988
887,0.006025
888,0.0060915
889,0.0059956
890,0.0059881
891,0.005923
892,0.005925
893,0.005948
894,0.0059231
895,0.0058777
896,0.0058671
897,0.0059152
898,0.0059826
899,0.0058927
900,0.0058302
901,0.0057449
902,0.0057775
903,0.0057912
904,0.0058145
905,0.0058091
906,0.0057971
907,0.0057906
908,0.0057738
909,0.0057683
910,0.0057494
911,0.0058128
912,0.005793
913,0.0057726
914,0.0058123
915,0.0058076
916,0.0057833
917,0.0057561
918,0.0057069
919,0.0056653
920,0.0057039
921,0.0057765
922,0.0058374
923,0.0057411
924,0.0057057
925,0.0057134
926,0.0057806
927,0.0058107
928,0.0058288
929,0.0058431
930,0.0058181
931,0.0058212
932,0.0058583
933,0.0058166
934,0.0058796
935,0.0058515
936,0.0058992
937,0.0059149
938,0.0059061
939,0.0059369
940,0.0059466
941,0.005893
942,0.0059108
943,0.0059457
944,0.0060153
945,0.0059394
946,0.0060227
947,0.0060304
948,0.0060029
949,0.006014
950,0.006037
951,0.0060297
952,0.0060064
953,0.0060086
954,0.0060744
955,0.0060729
956,0.0061302
957,0.0060872
958,0.0060694
959,0.0061231
960,0.006164
961,0.0061805
962,0.006195
963,0.0062026
964,0.0062073
965,0.0062081
966,0.0062138
967,0.0062352
968,0.0063048
969,0.0062838
970,0.0062956
971,0.0063264
972,0.0063594
973,0.0063655
974,0.0063463
975,0.0063663
976,0.0063318
977,0.0063979
978,0.0063827
979,0.0064054
980,0.0063994
981,0.0064287
982,0.0064757
983,0.0064981
984,0.0064978
985,0.0065113
986,0.0065443
987,0.0065491
988,0.0065848
989,0.0066376
990,0.006611
991,0.0065869
992,0.0066537
993,0.0066723
994,0.0066377
995,0.0066248
996,0.0066518
997,0.0066931
998,0.0066638
999,0.0065847
1000,0.0067124
1001,0.0066499
1002,0.0066843
1003,0.0066997
1004,0.0067376
1005,0.0067483
1006,0.0067092
1007,0.0067024
1008,0.006734
1009,0.0067122
1010,0.006741
1011,0.0066757
1012,0.0067537
1013,0.0067671
1014,0.0067978
1015,0.0067728
1016,0.0066945
1017,0.0066712
1018,0.006705
1019,0.0066897
1020,0.0067674
1021,0.0066932
1022,0.0067951
1023,0.0067815
1024,0.0067769
1025,0.0067852
1026,0.0068088
1027,0.0067966
1028,0.0067623
1029,0.0067817
1030,0.0068363
1031,0.0068382
1032,0.0068521
1033,0.0068046
1034,0.0067542
1035,0.0067419
1036,0.0067612
1037,0.0068018
1038,0.0068268
1039,0.006808
1040,0.0067799
1041,0.0068077
1042,0.0068526
1043,0.0068383
1044,0.0068689
1045,0.0067992
1046,0.0068315
1047,0.006878
1048,0.0069046
1049,0.0068838
1050,0.0068499
1051,0.0068423
1052,0.0068182
1053,0.0068294
1054,0.006796
1055,0.0068338
1056,0.0068634
1057,0.0068668
1058,0.0068923
1059,0.0069123
1060,0.0068723
1061,0.006804
1062,0.0067819
1063,0.0067997
1064,0.0068225
1065,0.0068231
1066,0.0068525
1067,0.0068024
1068,0.0067555
1069,0.006789
1070,0.0068383
1071,0.0068514
1072,0.0068444
1073,0.0068445
1074,0.0068507
1075,0.0068692
1076,0.0068078
1077,0.0068129
1078,0.0067807
1079,0.0067764
1080,0.0068165
1081,0.0068625
1082,0.0068917
1083,0.0068854
1084,0.0068457
1085,0.0068353
1086,0.0068969
1087,0.0068703
1088,0.0068829
1089,0.0068646
1090,0.0069034
1091,0.0069024
1092,0.0069172
1093,0.0069277
1094,0.0069213
1095,0.0069359
1096,0.0069501
1097,0.0069627
1098,0.0070074
1099,0.007059
1100,0.0070429
1101,0.0070288
1102,0.0070911
1103,0.0071685
1104,0.0071752
1105,0.0071559
1106,0.0072019
1107,0.0072842
1108,0.0073596
1109,0.0073339
1110,0.0074166
1111,0.0074493
1112,0.0074885
1113,0.0075283
1114,0.0076144
1115,0.0076892
1116,0.0077415
1117,0.0078137
1118,0.0078656
1119,0.0079318
1120,0.0079676
1121,0.008087
1122,0.0081663
1123,0.0082259
1124,0.0083189
1125,0.008428
1126,0.0084965
1127,0.0085569
1128,0.0086415
1129,0.0086824
1130,0.0087769
1131,0.0088135
1132,0.0089157
1133,0.0089906
1134,0.0090794
1135,0.0091762
1136,0.0092648
1137,0.0093002
1138,0.0093297
1139,0.0094162
1140,0.0094861
1141,0.0095341
1142,0.0096058
1143,0.0097017
1144,0.0097958
1145,0.0097993
1146,0.0098369
1147,0.0099316
1148,0.0099778
1149,0.0099708
1150,0.010009
1151,0.010091
1152,0.01015
1153,0.010113
1154,0.010157
1155,0.010163
1156,0.010169
1157,0.01019
1158,0.010194
1159,0.010201
1160,0.010238
1161,0.010262
1162,0.010203
1163,0.010171
1164,0.010227
1165,0.01026
1166,0.0102
1167,0.010195
1168,0.010212
1169,0.010231
1170,0.010202
1171,0.010166
1172,0.010199
1173,0.01022
1174,0.010149
1175,0.010133
1176,0.010107
1177,0.010131
1178,0.010085
1179,0.01006
1180,0.010056
1181,0.010005
1182,0.0099326
1183,0.0099149
1184,0.0099329
1185,0.0099294
1186,0.009944
1187,0.0099162
1188,0.0099291
1189,0.0098927
1190,0.00987
1191,0.0098551
1192,0.0098253
1193,0.0097882
1194,0.0097547
1195,0.0097225
1196,0.0097324
1197,0.0097324
1198,0.0097324
1199,0.0097324
1200,0.0097324
1201,0.0096926
1202,0.0096766
1203,0.0096626
1204,0.00964
1205,0.0096037
1206,0.0095435
1207,0.0095481
1208,0.0095325
1209,0.0094818
1210,0.0094806
1211,0.009481
1212,0.0094527
1213,0.009371
1214,0.0093382
1215,0.0093595
1216,0.0093249
1217,0.0092518
1218,0.0092298
1219,0.0091916
1220,0.0092175
1221,0.0091745
1222,0.0090981
1223,0.0090613
1224,0.0090403
1225,0.0089933
1226,0.0089602
1227,0.0089811
1228,0.0089677
1229,0.0088447
1230,0.0087843
1231,0.0087936
1232,0.0087478
1233,0.0086725
1234,0.0086171
1235,0.0086223
1236,0.0086355
1237,0.0085848
1238,0.0085242
1239,0.0085582
1240,0.0085085
1241,0.008347
1242,0.0083302
1243,0.0083921
1244,0.0083906
1245,0.0083167
1246,0.008258
1247,0.0082764
1248,0.0082944
1249,0.0082311
1250,0.0081802
1251,0.0082087
1252,0.0081987
1253,0.0081022
1254,0.0081263
1255,0.0081627
1256,0.0081788
1257,0.008136
1258,0.0081046
1259,0.0081128
1260,0.0081176
1261,0.0081233
1262,0.0080936
1263,0.0080914
1264,0.0081045
1265,0.0081374
1266,0.0081376
1267,0.0081263
1268,0.0081156
1269,0.0081059
1270,0.008089
1271,0.0080979
1272,0.0081767
1273,0.0081862
1274,0.0081223
1275,0.0081405
1276,0.0081748
1277,0.0082255
1278,0.0081569
1279,0.0081071
1280,0.0081308
1281,0.0081718
1282,0.0082076
1283,0.0082575
1284,0.0082867
1285,0.0082451
1286,0.0081719
1287,0.0081819
1288,0.0082487
1289,0.0082392
1290,0.0082121
1291,0.0082184
1292,0.0082368
1293,0.008241
1294,0.0082367
1295,0.008221
1296,0.0081672
1297,0.0081985
1298,0.0081561
1299,0.0081793
1300,0.0081852
1301,0.0081711
1302,0.0081227
1303,0.0080752
1304,0.0080928
1305,0.0081368
1306,0.0081201
1307,0.008029
1308,0.0080245
1309,0.0080657
1310,0.008075
1311,0.0080044
1312,0.0079914
1313,0.0079848
1314,0.007933
1315,0.0078923
1316,0.0078636
1317,0.007865
1318,0.0077872
1319,0.0077396
1320,0.0077001
1321,0.0077141
1322,0.0076854
1323,0.0076416
1324,0.0075789
1325,0.0075267
1326,0.0075133
1327,0.0074698
1328,0.0074343
1329,0.0073948
1330,0.007404
1331,0.0073215
1332,0.0073101
1333,0.0072788
1334,0.007229
1335,0.0071456
1336,0.0070776
1337,0.0070786
1338,0.0070698
1339,0.0070467
1340,0.0069572
1341,0.0070033
1342,0.0069773
1343,0.0068856
1344,0.0068052
1345,0.0068171
1346,0.0067794
1347,0.0067011
1348,0.0067054
1349,0.006693
1350,0.0067179
1351,0.006653
1352,0.0065374
1353,0.0065483
1354,0.0064968
1355,0.0064521
1356,0.0064598
1357,0.0064719
1358,0.0064319
1359,0.0063637
1360,0.0063514
1361,0.0064108
1362,0.0064132
1363,0.0063864
1364,0.00636
1365,0.0063153
1366,0.0062584
1367,0.0062254
1368,0.0062207
1369,0.0062061
1370,0.0061923
1371,0.0062332
1372,0.006191
1373,0.0060814
1374,0.0060899
1375,0.0060182
1376,0.0059807
1377,0.0059237
1378,0.005883
1379,0.0058978
1380,0.0059187
1381,0.0059188
1382,0.0059907
1383,0.0060967
1384,0.005968
1385,0.005845
1386,0.0059611
1387,0.0058612
1388,0.0057993
1389,0.0057868
1390,0.005764
1391,0.0057149
1392,0.0056604
1393,0.005651
1394,0.0057063
1395,0.0056662
1396,0.0056184
1397,0.0056282
1398,0.0056456
1399,0.0056412
1400,0.0056331
1401,0.005629
1402,0.0056296
1403,0.0056365
1404,0.0056272
1405,0.0055619
1406,0.005526
1407,0.0055769
1408,0.0055417
1409,0.0055538
1410,0.0055367
1411,0.0055272
1412,0.0054925
1413,0.0054287
1414,0.005406
1415,0.0054343
1416,0.0054561
1417,0.0053689
1418,0.0053711
1419,0.005425
1420,0.0054161
1421,0.0053832
1422,0.0053741
1423,0.0053725
1424,0.0053349
1425,0.0052773
1426,0.0052778
1427,0.0053286
1428,0.0053042
1429,0.0052751
1430,0.0052686
1431,0.0052549
1432,0.0052846
1433,0.0052836
1434,0.0052515
1435,0.0052322
1436,0.0052349
1437,0.0052454
1438,0.0052206
1439,0.0051953
1440,0.0051883
1441,0.00522
1442,0.0051699
1443,0.0051794
1444,0.0051854
1445,0.0051647
1446,0.0051282
1447,0.0050957
1448,0.0051228
1449,0.0051405
1450,0.0051291
1451,0.0051011
1452,0.0051151
1453,0.005121
1454,0.0050898
1455,0.0050473
1456,0.0050402
1457,0.0050182
1458,0.004954
1459,0.004962
1460,0.0049755
1461,0.0049485
1462,0.0049676
1463,0.0048554
1464,0.0048623
1465,0.0048573
1466,0.0048208
1467,0.0048318
1468,0.0048481
1469,0.004795
1470,0.0047771
1471,0.0048366
1472,0.004846
1473,0.0048095
1474,0.0047637
1475,0.0047051
1476,0.0046966
1477,0.0047119
1478,0.0047013
1479,0.0046661
1480,0.0046479
1481,0.0046602
1482,0.0046634
1483,0.0046598
1484,0.0046243
1485,0.0046187
1486,0.0046007
1487,0.0045863
1488,0.004578
1489,0.0045418
1490,0.0045065
1491,0.0045058
1492,0.0044818
1493,0.004472
1494,0.0044777
1495,0.0044083
1496,0.0043977
1497,0.0043805
1498,0.0044003
1499,0.0043783
1500,0.0043611
1501,0.0043819
1502,0.0043836
1503,0.0043505
1504,0.00428
1505,0.0042657
1506,0.0043264
1507,0.0042796
1508,0.0042578
1509,0.0042351
1510,0.0042671
1511,0.0043112
1512,0.0043041
1513,0.0042708
1514,0.0042657
1515,0.0042757
1516,0.0042301
1517,0.0041853
1518,0.0041498
1519,0.0041255
1520,0.0040857
1521,0.0040687
1522,0.0041042
1523,0.0040972
1524,0.0040332
1525,0.0040937
1526,0.0041379
1527,0.0041324
1528,0.0040708
1529,0.0040144
1530,0.0040371
1531,0.0040276
1532,0.0040331
1533,0.0040443
1534,0.0040329
1535,0.004023
1536,0.0040198
1537,0.0039911
1538,0.0040198
1539,0.0039875
1540,0.003952
1541,0.0039716
1542,0.0040139
1543,0.0040473
1544,0.0040172
1545,0.0039377
1546,0.0039143
1547,0.0039832
1548,0.0039686
1549,0.0038546
1550,0.003875
1551,0.0038694
1552,0.0038888
1553,0.0038909
1554,0.003892
1555,0.0039044
1556,0.0038799
1557,0.0038264
1558,0.0038532
1559,0.0038809
1560,0.003876
1561,0.0038448
1562,0.003845
1563,0.0038735
1564,0.0038946
1565,0.003881
1566,0.0038676
1567,0.003864
1568,0.0038358
1569,0.0037974
1570,0.0038092
1571,0.0037964
1572,0.0037742
1573,0.0037625
1574,0.0037346
1575,0.0037441
1576,0.0037638
1577,0.0037636
1578,0.0037362
1579,0.0037099
1580,0.0037178
1581,0.0036841
1582,0.0036733
1583,0.0037024
1584,0.003738
1585,0.003744
1586,0.0037182
1587,0.0037176
1588,0.0037236
1589,0.0037047
1590,0.003671
1591,0.0036479
1592,0.0036897
1593,0.0036724
1594,0.0036311
1595,0.003633
1596,0.0036285
1597,0.0036292
1598,0.0036252
1599,0.0036064
1600,0.0036005
1601,0.0035929
1602,0.0035225
1603,0.0035343
1604,0.003583
1605,0.0035988
1606,0.0036077
1607,0.0035375
1608,0.0035214
1609,0.0035487
1610,0.0035383
1611,0.0034975
1612,0.0034917
1613,0.0035072
1614,0.003486
1615,0.0034179
1616,0.0035711
1617,0.0035835
1618,0.0035082
1619,0.0034363
1620,0.00346
1621,0.0034953
1622,0.0034482
1623,0.0033936
1624,0.0034404
1625,0.0034441
1626,0.0033453
1627,0.003374
1628,0.0034237
1629,0.0034484
1630,0.0033879
1631,0.0033359
1632,0.0033518
1633,0.0033856
1634,0.003373
1635,0.0033381
1636,0.0033417
1637,0.0033583
1638,0.0033468
1639,0.0033454
1640,0.0033474
1641,0.0033066
1642,0.0032782
1643,0.0032875
1644,0.003318
1645,0.0033265
1646,0.0032688
1647,0.0032184
1648,0.0032379
1649,0.0032843
1650,0.0032671
1651,0.00324
1652,0.0032286
1653,0.0031879
1654,0.0031894
1655,0.0032251
1656,0.0032113
1657,0.0031961
1658,0.0031848
1659,0.0031404
1660,0.003185
1661,0.0032474
1662,0.0032235
1663,0.0031779
1664,0.0031617
1665,0.0031365
1666,0.0031393
1667,0.0031952
1668,0.0031792
1669,0.0031638
1670,0.0031117
1671,0.0030999
1672,0.003124
1673,0.0031277
1674,0.0031347
1675,0.0030861
1676,0.0030537
1677,0.0031134
1678,0.0031834
1679,0.0031481
1680,0.0031062
1681,0.0030778
1682,0.0030715
1683,0.0030765
1684,0.003067
1685,0.0030766
1686,0.0030735
1687,0.0030754
1688,0.0030817
1689,0.0030618
1690,0.003043
1691,0.0030425
1692,0.0029451
1693,0.0029596
1694,0.0030037
1695,0.0029799
1696,0.0029351
1697,0.0029566
1698,0.0029885
1699,0.0030047
1700,0.0030302
1701,0.0030206
1702,0.0030403
1703,0.0029752
1704,0.0029683
1705,0.0029433
1706,0.0029575
1707,0.0029707
1708,0.0029747
1709,0.0029691
1710,0.0029771
1711,0.0030073
1712,0.0030114
1713,0.0029837
1714,0.002911
1715,0.0029178
1716,0.0029467
1717,0.0029552
1718,0.0029193
1719,0.0029177
1720,0.0029322
1721,0.0029407
1722,0.0029619
1723,0.0029657
1724,0.0029503
1725,0.0029316
1726,0.0029715
1727,0.0029615
1728,0.002935
1729,0.0029228
1730,0.0029413
1731,0.0029606
1732,0.0029514
1733,0.0029261
1734,0.0029144
1735,0.0029165
1736,0.002905
1737,0.0028699
1738,0.0028843
1739,0.0028924
1740,0.002874
1741,0.0028742
1742,0.0028794
1743,0.0028841
1744,0.0028964
1745,0.0028721
1746,0.0028307
1747,0.0028576
1748,0.0028436
1749,0.0028237
1750,0.0028399
1751,0.0028503
1752,0.0028645
1753,0.0028547
1754,0.0028525
1755,0.0028975
1756,0.002904
1757,0.0028596
1758,0.0028683
1759,0.0028299
1760,0.0028412
1761,0.0028164
1762,0.0028387
1763,0.0028668
1764,0.0028532
1765,0.0028154
1766,0.0028033
1767,0.0028185
1768,0.0027754
1769,0.0027381
1770,0.0027378
1771,0.0027994
1772,0.0027609
1773,0.0027574
1774,0.0027732
1775,0.002789
1776,0.0027931
1777,0.0027879
1778,0.0028053
1779,0.0027708
1780,0.0027468
1781,0.002706
1782,0.0027767
1783,0.0027726
1784,0.0027667
1785,0.0027653
1786,0.002743
1787,0.0027286
1788,0.0027569
1789,0.0027701
1790,0.0026939
1791,0.0026834
1792,0.0026961
1793,0.0027437
1794,0.0027505
1795,0.0027336
1796,0.0027394
1797,0.0027367
1798,0.0026978
1799,0.0026896
1800,0.0027605
1801,0.0027331
1802,0.0027186
1803,0.0026564
1804,0.0026978
1805,0.0027233
1806,0.0027548
1807,0.0027454
1808,0.0027162
1809,0.0027094
1810,0.0027269
1811,0.0027607
1812,0.002783
1813,0.0027257
1814,0.0026846
1815,0.0026696
1816,0.0027142
1817,0.002717
1818,0.0027015
1819,0.0026894
1820,0.0026715
1821,0.0026724
1822,0.0027257
1823,0.0027298
1824,0.0026944
1825,0.0026232
1826,0.0026779
1827,0.002688
1828,0.0027546
1829,0.0027939
1830,0.0027647
1831,0.0027022
1832,0.002676
1833,0.0027305
1834,0.0027226
1835,0.0026988
1836,0.0026644
1837,0.0026409
1838,0.0026976
1839,0.0027311
1840,0.0027345
1841,0.002768
1842,0.0028023
1843,0.0027901
1844,0.0027987
1845,0.0028059
1846,0.0028061
1847,0.0028097
1848,0.0027753
1849,0.0027833
1850,0.0028555
1851,0.0028595
1852,0.0027938
1853,0.0027587
1854,0.0027751
1855,0.0027699
1856,0.0027597
1857,0.0027863
1858,0.0027531
1859,0.0026789
1860,0.0026783
1861,0.0027209
1862,0.0027746
1863,0.0027855
1864,0.0027468
1865,0.0027001
1866,0.0026692
1867,0.0026862
1868,0.0027055
1869,0.0026894
1870,0.0026255
1871,0.0026523
1872,0.0026697
1873,0.0027149
1874,0.0027456
1875,0.0027424
1876,0.0027441
1877,0.0027456
1878,0.0027988
1879,0.0026682
1880,0.0026813
1881,0.0027445
1882,0.0026868
1883,0.0026635
1884,0.0027202
1885,0.002779
1886,0.002774
1887,0.0027286
1888,0.0027126
1889,0.0027463
1890,0.0027517
1891,0.0026817
1892,0.002704
1893,0.0026444
1894,0.0026343
1895,0.0026838
1896,0.0026969
1897,0.0026588
1898,0.0026277
1899,0.0026169
1900,0.0026651
1901,0.0025732
1902,0.002574
1903,0.0026156
1904,0.0025935
1905,0.0025717
1906,0.00261
1907,0.002667
1908,0.0026806
1909,0.0026493
1910,0.0026306
1911,0.0026947
1912,0.0026782
1913,0.0026531
1914,0.0026509
1915,0.0026743
1916,0.002677
1917,0.0026738
1918,0.0026768
1919,0.002661
1920,0.0026507
1921,0.0027151
1922,0.0027257
1923,0.0027022
1924,0.0026777
1925,0.0026514
1926,0.0026444
1927,0.0026436
1928,0.0026465
1929,0.0026499
1930,0.0026432
1931,0.0026381
1932,0.0026614
1933,0.0026696
1934,0.0027251
1935,0.0026901
1936,0.0026624
1937,0.0026559
1938,0.0026516
1939,0.0026549
1940,0.0026884
1941,0.0027073
1942,0.0026743
1943,0.0026617
1944,0.0026755
1945,0.0027227
1946,0.002653
1947,0.0026249
1948,0.0026518
1949,0.0026494
1950,0.0026305
1951,0.0026318
1952,0.0026404
1953,0.0026337
1954,0.0026365
1955,0.0026579
1956,0.0027085
1957,0.0026569
1958,0.0026095
1959,0.0026074
1960,0.0026368
1961,0.0026437
1962,0.0026506
1963,0.0026368
1964,0.0025842
1965,0.0026065
1966,0.0026901
1967,0.0026387
1968,0.0026871
1969,0.002644
1970,0.0026396
1971,0.0026317
1972,0.0026592
1973,0.0026745
1974,0.0026398
1975,0.002605
1976,0.0026182
1977,0.0026854
1978,0.0027196
1979,0.0026993
1980,0.002661
1981,0.0026526
1982,0.0025981
1983,0.0026314
1984,0.0026705
1985,0.0026441
1986,0.0026261
1987,0.0026228
1988,0.002639
1989,0.0026542
1990,0.0027177
1991,0.0026674
1992,0.0026377
1993,0.0026362
1994,0.0026344
1995,0.0026246
1996,0.002599
1997,0.0025545
1998,0.0025396
1999,0.002621
2000,0.0026264
